-2666 -61726 98654 -70659 -51682
7420 -28357 74383 -21481 -56686
58692 -47985 -46336 7129 -41715
89621 -87294 -81732 -37804 53723
-20447 93986 -23859 22510 -50484
-44475 -31065 -17791 14073 -96597
-83089 41640 -64027 -72095 44095
52423 -25953 -20803 -37417 -13730
8360 -98184 -21881 70997 -79864
957 65119 -41050 60951 -56860
57978 30411 -86978 -24017 -16308
-62496 -59636 78081 -33494 78886
-47165 73867 -71632 -98170 -13353
-38865 -32710 -79686 29039 23608
18643 19751 19899 -22561 59204
25413 63459 -66269 4733 -9509
-28417 49538 27141 29382 58790
24972 63602 27846 -19885 8172
3666 -83501 -92879 -99580 -7336
-2309 -59075 -274 -50827 -24393
